0.312243	0.58034	0	0	0.312243	0.58034	0.6	0.6	5.19994	0
0.779913	0.722413	6.65259	1.97674	0.862916	0.534212	0.859997	0.600045	5.19975	0.00179686
1.19545	0.535063	10.3167	-0.0105175	1.17385	0.481073	1.11998	0.600225	5.19943	0.00538996
1.59373	0.626036	9.12979	0.788784	0.969149	0.397513	1.37996	0.600629	5.19898	0.0107781
1.94567	0.639598	8.75644	1.15106	1.65063	0.62469	1.6399	0.601347	5.19839	0.0179597
2.48211	0.717039	9.59478	1.3465	1.62331	0.499091	1.89982	0.60247	5.19766	0.0269323
2.78185	0.772827	9.16713	1.76714	2.18882	0.648739	2.1597	0.604086	5.19678	0.0376932
3.3114	0.90094	10.1248	2.20759	1.96701	0.557117	2.41954	0.606284	5.19573	0.0502389
3.58128	0.984357	9.66862	2.44685	2.65526	0.66598	2.67932	0.609155	5.1945	0.0645654
4.18794	1.09401	10.958	2.66482	2.92034	0.645898	2.93904	0.612786	5.19309	0.080668
4.41774	1.1624	10.3948	2.70311	3.01222	0.637046	3.19869	0.617267	5.19147	0.0985415
5.08636	1.1972	11.8598	2.62143	3.56096	0.485311	3.45825	0.622685	5.18963	0.11818
5.38447	1.14434	11.3779	2.17409	3.89365	0.311793	3.71772	0.62913	5.18754	0.139576
6.08226	1.22848	12.9947	2.34294	4.19786	0.698311	3.97708	0.636689	5.18519	0.162724
6.32491	1.22545	12.3029	2.09718	4.30935	0.578564	4.23632	0.645449	5.18256	0.187614
7.03326	1.30165	13.8054	2.23197	4.61908	0.68951	4.49542	0.655498	5.17962	0.214238
7.15224	1.38037	12.8053	2.25229	4.35143	0.899174	4.75437	0.666921	5.17634	0.242587
7.86918	1.44157	14.2216	2.31377	5.20901	0.66599	5.01315	0.679804	5.1727	0.272649
8.08598	1.37542	13.3736	1.86648	5.51894	0.648233	5.27175	0.694234	5.16867	0.304413
8.82989	1.42725	15.0803	1.97172	5.22834	0.639362	5.53013	0.710295	5.16422	0.337868
9.00754	1.37172	14.0727	1.6108	6.022	0.708619	5.78828	0.728072	5.15932	0.372999
9.75528	1.36317	15.5561	1.53623	5.89392	0.373584	6.04618	0.747647	5.15393	0.409793
9.84616	1.39973	14.3287	1.5045	6.34249	0.948833	6.30379	0.769103	5.14803	0.448233
10.604	1.46089	15.8825	1.64698	6.62134	0.836138	6.5611	0.792523	5.14157	0.488305
10.6547	1.38305	14.5625	1.28183	6.78214	0.714036	6.81808	0.817988	5.13452	0.52999
11.4059	1.40384	15.9813	1.31531	7.29121	0.630741	7.07469	0.845578	5.12685	0.573269
11.3813	1.42118	14.501	1.2659	7.13735	0.957217	7.3309	0.875373	5.11851	0.618123
12.1802	1.46655	16.3507	1.40218	8.08349	0.819605	7.58668	0.907449	5.10946	0.664531
12.164	1.36951	14.8604	1.0283	7.80533	0.719126	7.84199	0.941886	5.09966	0.712469
12.9234	1.40926	16.359	1.14147	8.40453	0.884557	8.0968	0.978759	5.08907	0.761915
12.8553	1.36531	14.7661	0.950166	8.24796	0.840322	8.35106	1.01814	5.07766	0.812843
13.6312	1.45984	16.6525	1.25185	8.45858	1.41118	8.60472	1.06011	5.06537	0.865226
13.5391	1.47383	14.9845	1.20462	8.74615	1.04858	8.85775	1.10473	5.05216	0.919037
14.3405	1.54312	16.7698	1.39909	9.8809	1.1419	9.1101	1.15208	5.03798	0.974245
14.2234	1.53189	15.0466	1.27271	9.25579	1.04913	9.36172	1.20223	5.0228	1.03082
15.0145	1.6307	16.8563	1.54542	10.1016	1.52474	9.61255	1.25524	5.00656	1.08873
14.9138	1.73893	15.1442	1.72539	10.0484	1.44598	9.86254	1.31118	4.98922	1.14794
15.6725	1.86299	16.7073	2.01288	10.5377	1.72555	10.1117	1.37011	4.97074	1.20841
15.4955	1.91917	14.8742	2.00852	10.2492	1.45907	10.3598	1.4321	4.95106	1.2701
16.2218	2.04339	16.3321	2.26628	10.9084	1.70343	10.6069	1.49721	4.93014	1.33298
16.0218	2.0475	14.4958	2.0999	10.7313	1.45265	10.853	1.56549	4.90794	1.39701
16.7672	2.15525	16.2648	2.33442	11.4783	1.42876	11.0979	1.637	4.8844	1.46213
16.6128	2.18259	14.5145	2.21987	11.587	1.61462	11.3416	1.71179	4.85948	1.52832
17.321	2.29532	16.13	2.45273	11.4763	1.53917	11.584	1.78992	4.83313	1.59551
17.1006	2.34192	14.2696	2.38247	11.7788	1.74591	11.8251	1.87144	4.80531	1.66366
17.8276	2.49509	16.1007	2.7332	12.136	2.14937	12.0647	1.95639	4.77598	1.73273
17.6161	2.49546	14.2662	2.50245	12.3226	1.78353	12.3029	2.04482	4.74508	1.80265
18.3423	2.62775	16.1254	2.79269	12.5457	1.77728	12.5394	2.13677	4.71257	1.87338
18.0817	2.74763	14.1833	2.87993	12.5924	2.17509	12.7743	2.23227	4.67842	1.94485
18.8196	2.93834	16.1137	3.30571	13.2198	2.6644	13.0075	2.33137	4.64258	2.01701
18.5625	3.05569	14.18	3.32444	13.0875	2.40708	13.2388	2.43409	4.605	2.08981
19.2088	3.27123	15.6049	3.73937	12.7087	3.12439	13.4682	2.54047	4.56565	2.16317
18.992	3.35991	13.7955	3.62625	13.836	2.62479	13.6955	2.65053	4.52448	2.23703
19.6647	3.5629	15.4187	4.00225	13.8302	2.73893	13.9208	2.7643	4.48147	2.31134
19.4223	3.69068	13.5716	3.97099	14.2106	2.94205	14.1439	2.88179	4.43656	2.38601
20.1198	3.91268	15.4215	4.40313	14.5568	2.87021	14.3646	3.00303	4.38974	2.46099
19.8557	3.93155	13.5549	4.04588	14.4616	2.90734	14.583	3.12802	4.34097	2.5362
20.5377	4.18922	15.3472	4.57309	14.6754	3.96041	14.7989	3.25679	4.29021	2.61157
20.2778	4.34938	13.4678	4.5683	15.0261	3.5067	15.0122	3.38932	4.23744	2.68703
20.9388	4.62256	15.0399	5.06122	15.3685	4.14761	15.2228	3.52563	4.18263	2.76249
20.6837	4.76979	13.2005	4.96511	15.5236	3.82936	15.4306	3.66572	4.12575	2.83789
21.3341	5.02608	14.8378	5.40075	15.7234	3.4105	15.6355	3.80957	4.06678	2.91315
21.0875	5.11264	13.0454	5.10999	15.9774	4.00094	15.8375	3.95719	4.00571	2.98817
21.7202	5.38663	14.5175	5.55627	16.3376	4.21632	16.0363	4.10854	3.94251	3.0629
21.4453	5.53139	12.6872	5.40702	16.3313	4.44499	16.2319	4.26363	3.87716	3.13723
22.0795	5.82567	14.3128	5.92205	16.7586	4.48231	16.4242	4.42242	3.80966	3.21109
21.7878	5.92613	12.4812	5.62039	16.6039	4.67344	16.613	4.5849	3.74	3.28438
22.3629	6.22349	13.7161	6.06153	16.9236	5.10119	16.7983	4.75103	3.66817	3.35704
22.0514	6.39436	11.8831	5.93082	16.9955	5.21099	16.9799	4.92077	3.59416	3.42897
22.618	6.69018	13.2863	6.3874	17.3421	4.64623	17.1579	5.09409	3.51797	3.50008
22.3047	6.79712	11.5057	6.05629	17.2894	5.43542	17.3319	5.27094	3.4396	3.57028
22.8458	7.08822	12.8378	6.48685	17.6463	4.74597	17.5019	5.45128	3.35907	3.63949
22.5702	7.12069	11.1887	5.94657	17.7853	5.62476	17.6679	5.63506	3.27637	3.70762
23.0905	7.43178	12.4291	6.4326	17.9216	6.07151	17.8297	5.82221	3.19151	3.77458
22.796	7.54792	10.7563	6.11877	18.1263	6.16985	17.9872	6.01269	3.10453	3.84027
23.3071	7.8844	12.0927	6.69482	18.1245	6.79027	18.1402	6.20641	3.01542	3.90462
22.9669	8.04882	10.3505	6.48563	18.2164	6.66138	18.2888	6.40332	2.92421	3.96753
23.4501	8.39566	11.596	7.0438	18.4022	7.02231	18.4328	6.60333	2.83093	4.0289
23.1482	8.42094	10.0156	6.43079	18.5422	6.76013	18.572	6.80638	2.7356	4.08867
23.6363	8.76707	11.3848	7.03585	18.8089	7.24388	18.7064	7.01237	2.63825	4.14672
23.3941	8.79634	9.93421	6.42441	19.1441	7.18344	18.8359	7.22122	2.53893	4.20299
23.8272	9.11865	11.002	6.91523	18.5479	7.4012	18.9604	7.43283	2.43767	4.25737
23.4745	9.30763	9.32007	6.7545	19.0138	7.8688	19.0798	7.64712	2.3345	4.3098
23.9157	9.65627	10.5469	7.32503	19.3089	7.67375	19.1939	7.86397	2.22949	4.36017
23.5663	9.76967	8.93949	6.92491	19.132	8.12845	19.3028	8.08329	2.12266	4.40842
23.9741	10.1268	10.1352	7.52229	19.0239	8.17194	19.4062	8.30497	2.01409	4.45445
23.656	10.1439	8.65883	6.85142	19.347	8.30741	19.5042	8.5289	1.90381	4.49819
24.0524	10.485	9.71643	7.36718	19.6843	8.35902	19.5966	8.75494	1.7919	4.53956
23.8051	10.5432	8.39773	6.80036	20.0039	8.8906	19.6835	8.983	1.67841	4.57848
24.1781	10.8954	9.37103	7.34197	19.6061	9.48659	19.7645	9.21294	1.56341	4.61488
23.9016	11.0201	8.00182	6.95368	20.1574	9.45949	19.8398	9.44463	1.44697	4.64869
24.2381	11.3691	8.85515	7.45074	19.6163	9.76606	19.9093	9.67795	1.32916	4.67984
23.9239	11.5062	7.45493	7.09083	20.1573	9.90876	19.9728	9.91275	1.21005	4.70826
24.2495	11.9072	8.45498	7.78449	19.1911	11.5493	20.0303	10.1489	1.08972	4.73389
23.9094	12.0772	7.03014	7.47561	20.166	10.4687	20.0818	10.3863	0.968259	4.75666
24.1912	12.4503	7.79354	7.97763	19.6775	10.803	20.1271	10.6247	0.845742	4.77652
23.8706	12.6154	6.4698	7.62701	20.371	11.0109	20.1663	10.864	0.722256	4.7934
24.1396	13.0298	7.31899	8.27087	19.4335	12.3402	20.1993	11.1041	0.597892	4.80727
23.8143	13.136	6.05491	7.74385	20.3164	11.3483	20.2261	11.3449	0.472738	4.81807
24.009	13.5083	6.50505	8.1311	19.2063	12.2418	20.2466	11.5861	0.346889	4.82575
23.722	13.6199	5.38864	7.61706	20.6141	11.9422	20.2608	11.8275	0.220439	4.83027
23.949	14.007	6.26166	8.23091	19.966	11.9688	20.2687	12.0692	0.093487	4.83159
23.586	14.1802	4.98641	7.88212	20.3263	12.4966	20.2701	12.3108	-0.0338694	4.82968
23.7531	14.5454	5.43885	8.22856	20.0192	12.4823	20.2652	12.5522	-0.161529	4.82451
23.4451	14.6433	4.38461	7.67352	20.498	12.8924	20.254	12.7933	-0.28939	4.81605
23.6222	14.9995	4.9749	8.06061	20.9151	12.2555	20.2363	13.0339	-0.417348	4.80428
23.2644	15.0648	3.8713	7.46315	20.1943	13.1688	20.2122	13.2738	-0.545298	4.78918
23.3938	15.4235	4.40343	7.9018	19.858	13.5236	20.1818	13.5129	-0.673135	4.77072
23.0539	15.5529	3.35943	7.46538	20.3245	13.8896	20.1449	13.7509	-0.800753	4.74892
23.1608	15.8929	3.77414	7.78323	20.3387	13.5307	20.1017	13.9878	-0.928043	4.72374
22.7954	16.0177	2.73581	7.35349	20.1216	14.337	20.0521	14.2233	-1.0549	4.69521
22.8622	16.3592	3.1208	7.70301	19.6717	14.4038	19.9962	14.4573	-1.18121	4.66331
22.4537	16.4862	2.05067	7.29755	19.781	14.773	19.934	14.6897	-1.30687	4.62805
22.5041	16.8114	2.46834	7.61905	20.1149	14.0165	19.8655	14.9202	-1.43177	4.58944
22.2095	16.8697	1.73058	7.01697	20.0208	15.2053	19.7908	15.1486	-1.55581	4.54751
22.2115	17.1575	1.70541	7.00194	20.0157	15.3443	19.7099	15.3749	-1.67887	4.50226
21.9222	17.1808	1.05846	6.3795	19.9131	15.554	19.6229	15.5989	-1.80085	4.45372
21.9197	17.453	1.29381	6.56473	19.9388	15.0864	19.5298	15.8203	-1.92164	4.40193
21.5481	17.5353	0.473322	6.1554	19.4748	16.0098	19.4307	16.039	-2.04114	4.3469
21.5132	17.8113	0.713993	6.4054	19.1556	16.0022	19.3257	16.2549	-2.15925	4.28868
21.1661	17.8445	0.0233244	5.886	19.238	16.2719	19.2148	16.4679	-2.27586	4.22731
21.1119	18.0936	0.127967	5.98309	19.4007	16.2962	19.0981	16.6777	-2.39087	4.16284
20.7422	18.1829	-0.589653	5.64203	19.0029	16.8387	18.9757	16.8841	-2.50418	4.0953
20.6396	18.4151	-0.752659	5.53187	18.8373	17.7112	18.8477	17.0872	-2.61571	4.02476
20.2221	18.5468	-1.51545	5.34299	18.6148	17.3832	18.7142	17.2866	-2.72534	3.95127
20.1183	18.7923	-1.269	5.59324	18.8177	17.0316	18.5752	17.4822	-2.83299	3.87489
19.7002	18.8695	-1.95617	5.26924	18.1023	17.5529	18.4309	17.674	-2.93858	3.79568
19.5629	19.0974	-1.8407	5.39351	18.2749	17.4877	18.2814	17.8617	-3.042	3.71372
19.2762	19.1457	-2.1682	4.97263	18.2094	18.0461	18.1268	18.0453	-3.14318	3.62906
19.1151	19.321	-2.27052	4.80857	18.3021	17.498	17.9671	18.2246	-3.24204	3.5418
18.8494	19.3209	-2.49579	4.33298	17.9018	18.2183	17.8026	18.3994	-3.3385	3.45199
18.7159	19.5027	-2.46019	4.29973	18.8558	18.1364	17.6334	18.5697	-3.43247	3.35973
18.3642	19.5862	-2.91306	4.09363	17.3845	18.7039	17.4595	18.7353	-3.5239	3.26509
18.178	19.7206	-3.02667	3.89094	17.7945	18.0801	17.281	18.8962	-3.61271	3.16817
17.8995	19.7406	-3.231	3.55566	17.1762	18.8863	17.0983	19.0521	-3.69883	3.06904
17.7072	19.8954	-3.32891	3.47238	16.9398	19.7311	16.9113	19.203	-3.78221	2.9678
17.373	19.9156	-3.63814	3.19924	16.5734	19.052	16.7201	19.3488	-3.86278	2.86455
17.1483	20.0436	-3.84678	2.99463	16.1674	20.2201	16.5251	19.4894	-3.9405	2.75938
16.8052	20.1293	-4.16312	2.90994	16.2338	19.6171	16.3262	19.6246	-4.01531	2.65237
16.5487	20.1668	-4.40763	2.46005	16.4366	18.2742	16.1237	19.7545	-4.08716	2.54364
16.2531	20.2303	-4.55377	2.35928	15.9243	19.8703	15.9176	19.8789	-4.15602	2.43329
16.0093	20.2947	-4.64661	2.14338	16.2328	19.2166	15.7082	19.9978	-4.22185	2.32141
15.6948	20.3873	-4.83216	2.14074	15.4332	20.1836	15.4956	20.111	-4.28461	2.2081
15.4155	20.4766	-5.07284	1.89658	14.3677	21.3406	15.2799	20.2185	-4.34427	2.09347
15.1898	20.5342	-4.98913	1.80895	15.2016	20.4385	15.0613	20.3203	-4.4008	1.97763
14.904	20.5498	-5.25101	1.36128	14.7476	19.9571	14.84	20.4162	-4.4542	1.86068
14.6506	20.6128	-5.22702	1.34778	14.6665	20.6088	14.6161	20.5063	-4.50443	1.74272
14.3489	20.623	-5.55876	0.85078	13.841	21.0031	14.3897	20.5904	-4.55149	1.62386
14.073	20.6504	-5.54687	0.818664	14.0521	20.5924	14.1611	20.6686	-4.59537	1.50421
13.7668	20.6239	-5.87852	0.230111	13.8232	20.859	13.9304	20.7408	-4.63606	1.38386
13.4616	20.6567	-5.91556	0.27757	13.4686	20.7253	13.6977	20.807	-4.67357	1.26294
13.1426	20.5681	-6.3055	-0.549637	13.8263	20.4261	13.4632	20.8671	-4.70789	1.14153
12.8903	20.5761	-6.16945	-0.496476	13.1072	20.8294	13.2271	20.9211	-4.73904	1.01975
12.5721	20.4892	-6.50185	-1.19339	13.2669	21.1579	12.9895	20.969	-4.76702	0.897694
12.3934	20.5041	-6.17917	-1.08621	12.8729	21.0592	12.7506	21.0108	-4.79186	0.775469
12.0431	20.3909	-6.61678	-1.82922	11.5171	21.6724	12.5106	21.0465	-4.81358	0.653175
11.7983	20.4263	-6.46325	-1.59846	12.2062	21.11	12.2695	21.0761	-4.83219	0.530912
11.4696	20.2708	-6.82851	-2.46109	12.3859	21.1066	12.0276	21.0996	-4.84773	0.408778
11.248	20.2467	-6.57748	-2.29702	11.6814	20.8651	11.785	21.117	-4.86022	0.286869
10.9016	20.0381	-6.97673	-3.24109	11.5265	20.6748	11.5418	21.1283	-4.86971	0.165281
10.7196	20.0493	-6.63968	-2.94206	11.363	21.0688	11.2982	21.1335	-4.87623	0.0441057
10.3567	19.8004	-7.08613	-3.95916	10.5558	20.5567	11.0544	21.1327	-4.87982	-0.076565
10.1895	19.7938	-6.7037	-3.63024	10.8903	20.927	10.8105	21.1259	-4.88053	-0.196643
9.81867	19.5659	-7.12714	-4.44175	9.30535	21.3896	10.5666	21.1131	-4.8784	-0.31604
9.5475	19.6594	-7.04773	-3.84096	10.189	21.209	10.3229	21.0943	-4.87349	-0.434674
9.19865	19.4077	-7.40926	-4.83479	9.97958	21.2932	10.0795	21.0697	-4.86585	-0.552463
9.08523	19.4269	-6.87045	-4.38797	9.99634	20.9797	9.83658	21.0391	-4.85554	-0.669327
8.74476	19.1719	-7.17569	-5.20781	9.38223	21.111	9.59422	21.0028	-4.84262	-0.785189
8.63331	19.2013	-6.66822	-4.7028	9.53921	20.8762	9.35258	20.9607	-4.82714	-0.899977
8.31778	18.9119	-6.99271	-5.74601	9.63392	20.9724	9.11177	20.9128	-4.80919	-1.01362
8.05202	18.9926	-6.926	-5.05122	8.70331	20.8221	8.87192	20.8594	-4.78881	-1.12605
7.75056	18.6533	-7.16057	-6.21039	9.84634	20.009	8.63315	20.8003	-4.76608	-1.2372
7.52566	18.6878	-6.954	-5.57475	8.22277	20.4839	8.39557	20.7358	-4.74108	-1.34701
7.1958	18.3372	-7.2732	-6.77395	8.29647	20.4978	8.1593	20.6657	-4.71387	-1.45542
7.03424	18.3814	-6.89877	-6.08212	7.88599	20.45	7.92445	20.5903	-4.68453	-1.56237
6.72409	18.0111	-7.1976	-7.39174	8.29081	20.6565	7.69111	20.5096	-4.65313	-1.66781
6.46766	18.0941	-7.09659	-6.54924	7.18029	20.392	7.45939	20.4237	-4.61975	-1.7717
6.13631	17.6994	-7.36729	-7.77944	7.09214	20.1196	7.22939	20.3326	-4.58448	-1.87399
5.96338	17.7649	-7.02165	-6.95319	6.81542	20.1859	7.00119	20.2364	-4.54738	-1.97462
5.64991	17.3658	-7.24271	-8.17143	6.89359	20.1536	6.7749	20.1352	-4.50854	-2.07357
5.50695	17.437	-6.83649	-7.30275	6.38914	20.0137	6.55059	20.0292	-4.46805	-2.17079
5.21347	17.0307	-7.02797	-8.56011	6.67637	20.2142	6.32834	19.9183	-4.42598	-2.26625
5.04731	17.1157	-6.71478	-7.62488	5.86119	19.8306	6.10823	19.8027	-4.38241	-2.35993
4.72849	16.6562	-6.98566	-9.07035	5.28178	19.5036	5.89034	19.6824	-4.33744	-2.45178
4.69045	16.7204	-6.33666	-8.14407	5.69089	19.5755	5.67472	19.5577	-4.29114	-2.5418
4.42581	16.2404	-6.4936	-9.55091	5.9506	18.9859	5.46145	19.4284	-4.24359	-2.62995
4.3173	16.3444	-6.1098	-8.49392	5.17021	19.4397	5.25059	19.2948	-4.19488	-2.71622
4.08154	15.894	-6.19137	-9.71194	5.87397	19.301	5.04219	19.157	-4.1451	-2.80059
4.02525	15.9676	-5.697	-8.70173	4.89149	18.982	4.8363	19.015	-4.09432	-2.88305
3.74401	15.4844	-5.97766	-10.1241	3.98679	19.0452	4.63297	18.8689	-4.04263	-2.96359
3.65862	15.5889	-5.59921	-9.01469	4.4685	18.834	4.43224	18.7188	-3.99012	-3.0422
3.43284	15.1042	-5.69528	-10.2756	4.69245	18.4634	4.23416	18.5648	-3.93685	-3.11888
3.40719	15.2015	-5.18677	-9.1715	4.26269	18.481	4.03876	18.4071	-3.88293	-3.19362
3.15385	14.6912	-5.46886	-10.8032	3.42434	18.8357	3.84606	18.2457	-3.82841	-3.26644
2.93986	14.8039	-5.49609	-9.60298	3.45919	18.167	3.65611	18.0807	-3.77339	-3.33732
2.74887	14.2982	-5.47238	-10.8751	4.3011	17.9267	3.46891	17.9122	-3.71795	-3.40627
2.58088	14.3976	-5.35863	-9.70129	3.12525	17.7493	3.28449	17.7402	-3.66215	-3.47331
2.34324	13.8648	-5.48877	-11.2652	2.65664	17.888	3.10287	17.565	-3.60609	-3.53844
2.26391	14.0208	-5.1406	-9.95864	2.9449	17.8154	2.92405	17.3866	-3.54982	-3.60167
2.08507	13.4508	-5.11475	-11.6212	3.26647	17.0897	2.74805	17.2051	-3.49344	-3.66302
1.99529	13.5427	-4.82306	-10.3987	2.55407	17.0853	2.57486	17.0205	-3.437	-3.72251
1.80762	13.0107	-4.82112	-11.6379	2.55039	16.8884	2.4045	16.833	-3.38059	-3.78014
1.73008	13.1326	-4.53665	-10.3593	2.25371	16.8334	2.23695	16.6427	-3.32428	-3.83595
1.52104	12.5794	-4.61275	-11.676	1.57735	16.0489	2.07221	16.4497	-3.26812	-3.88995
1.44159	12.6526	-4.34452	-10.4824	1.88972	16.1054	1.91027	16.254	-3.21219	-3.94216
1.27468	12.1214	-4.31576	-11.7659	1.74362	16.2687	1.75112	16.0557	-3.15656	-3.99261
1.13971	12.2647	-4.24494	-10.437	1.44745	16.0853	1.59474	15.8549	-3.10129	-4.04132
1.00316	11.6864	-4.12266	-12.0492	1.6097	15.5526	1.44111	15.6517	-3.04644	-4.08832
0.899764	11.7815	-3.97239	-10.782	1.18395	15.4284	1.29021	15.4463	-2.99207	-4.13364
0.741466	11.232	-3.92439	-12.1463	0.828993	15.528	1.14201	15.2386	-2.93825	-4.1773
0.587835	11.3298	-3.93076	-10.8681	0.722706	15.0075	0.996486	15.0288	-2.88503	-4.21933
0.477783	10.7984	-3.71684	-12.0843	1.03147	15.2134	0.853604	14.8169	-2.83246	-4.25977
0.45644	10.9202	-3.3764	-10.758	0.737301	14.7047	0.71333	14.603	-2.78061	-4.29864
0.359518	10.3367	-3.19094	-12.3122	0.722177	14.2445	0.575628	14.3872	-2.72952	-4.33598
0.23517	10.4429	-3.20266	-11.0051	0.253435	14.2029	0.440459	14.1696	-2.67925	-4.37181
0.123078	9.84097	-3.051	-12.6778	-0.0328023	13.9604	0.307779	13.9502	-2.62984	-4.40617
0.18023	9.93263	-2.56908	-11.3446	0.459172	13.6856	0.177545	13.7292	-2.58135	-4.43909
0.0927351	9.33014	-2.44425	-12.9387	0.0524412	13.6377	0.0497099	13.5065	-2.53381	-4.47061
-0.0464101	9.42448	-2.59515	-11.6023	-0.190344	13.2856	-0.0757753	13.2823	-2.48728	-4.50075
-0.12574	8.84671	-2.41198	-12.8834	-0.275043	13.1456	-0.198962	13.0566	-2.44179	-4.52955
-0.0855157	8.97082	-2.05237	-11.4751	0.0462308	12.9301	-0.319903	12.8295	-2.39739	-4.55704
-0.191465	8.39384	-2.02592	-12.6985	-0.684792	12.3563	-0.438654	12.6011	-2.35412	-4.58326
-0.293726	8.50229	-2.11389	-11.3572	-0.476482	12.3633	-0.555273	12.3714	-2.31202	-4.60823
-0.382422	7.95604	-1.99066	-12.5609	-0.972122	12.5207	-0.669818	12.1404	-2.27111	-4.63198
-0.435718	8.09225	-1.92768	-11.172	-0.582624	12.0386	-0.78235	11.9083	-2.23144	-4.65456
-0.530005	7.5366	-1.82086	-12.3965	-1.26757	11.6495	-0.892931	11.6751	-2.19304	-4.67598
-0.711869	7.63785	-2.12982	-11.1097	-1.17212	11.3988	-1.00163	11.4409	-2.15594	-4.69628
-0.71867	7.10996	-1.70163	-12.0859	-0.891441	10.959	-1.1085	11.2057	-2.12017	-4.71549
-0.872289	7.23989	-1.91993	-10.7668	-1.39289	11.0424	-1.21362	10.9695	-2.08575	-4.73364
-0.867051	6.71102	-1.41318	-12.0146	-1.29894	10.9012	-1.31706	10.7324	-2.05273	-4.75075
-0.974046	6.81442	-1.5212	-10.7353	-1.49687	10.4198	-1.41889	10.4945	-2.02111	-4.76686
-0.975353	6.27243	-1.06903	-11.969	-1.59293	10.0212	-1.51917	10.2559	-1.99093	-4.78198
-1.04435	6.42691	-1.10699	-10.588	-1.61875	10.2374	-1.61797	10.0165	-1.96221	-4.79615
-1.01892	5.93681	-0.650081	-11.5505	-1.59702	9.96554	-1.71539	9.77637	-1.93498	-4.80939
-1.08805	6.07908	-0.743106	-10.2357	-1.73381	9.71347	-1.81147	9.53564	-1.90924	-4.82172
-1.12663	5.567	-0.495263	-11.4009	-2.27191	9.37316	-1.90631	9.29431	-1.88502	-4.83316
-1.2321	5.61691	-0.715045	-10.2871	-1.93833	8.77028	-1.99998	9.05243	-1.86233	-4.84374
-1.18039	5.16661	-0.201382	-11.0611	-1.96565	9.13274	-2.09256	8.81003	-1.8412	-4.85347
-1.30371	5.25988	-0.494246	-9.90311	-2.1768	8.5411	-2.18412	8.56717	-1.82164	-4.86238
-1.33703	4.77774	-0.237097	-10.8397	-2.65862	8.19477	-2.27474	8.32388	-1.80365	-4.87047
-1.41761	4.89271	-0.373699	-9.62783	-2.21875	8.15339	-2.3645	8.0802	-1.78726	-4.87778
-1.32787	4.5036	0.265587	-10.252	-2.273	8.52315	-2.45348	7.83617	-1.77248	-4.8843
-1.48301	4.58683	-0.156841	-9.20332	-2.59674	7.60288	-2.54177	7.59184	-1.75931	-4.89006
-1.53218	4.16819	-0.0228132	-9.81467	-3.08256	7.38874	-2.62944	7.34723	-1.74777	-4.89507
-1.69327	4.24193	-0.405373	-8.8127	-2.79865	7.064	-2.71658	7.10238	-1.73786	-4.89933
-1.60157	3.88918	0.326434	-9.3324	-2.79412	7.20818	-2.80326	6.85734	-1.72958	-4.90286
-1.7033	4.01721	0.113316	-8.2026	-2.74651	6.86867	-2.88957	6.61214	-1.72295	-4.90566
-1.61584	3.6937	0.653184	-8.49988	-2.57673	6.36755	-2.97559	6.36681	-1.71797	-4.90774
-1.74682	3.77507	0.297752	-7.5836	-2.90217	6.22989	-3.0614	6.12139	-1.71464	-4.90911
-1.76739	3.40953	0.548634	-8.25876	-3.50172	6.10796	-3.14709	5.87592	-1.71297	-4.90976
-1.9394	3.42401	0.0766743	-7.53283	-3.1778	5.53101	-3.23274	5.63043	-1.71295	-4.9097
-1.90737	3.10972	0.459067	-7.78833	-3.19736	5.19093	-3.31843	5.38496	-1.71458	-4.90893
-2.10048	3.128	-0.0351252	-7.09157	-3.43031	5.10507	-3.40424	5.13955	-1.71787	-4.90745
-2.03384	2.85569	0.581159	-7.31726	-3.4281	4.94644	-3.49026	4.89422	-1.72281	-4.90525
-2.24807	2.84014	0.0191209	-6.75305	-3.69435	4.52196	-3.57657	4.64902	-1.72939	-4.90233
-2.22185	2.58398	0.363106	-6.77692	-3.50501	4.17643	-3.66325	4.40398	-1.73763	-4.89868
-2.46503	2.56211	-0.232078	-6.28565	-4.00238	4.04684	-3.75039	4.15913	-1.74749	-4.8943
-2.43483	2.35867	0.282058	-6.24911	-4.06447	4.10977	-3.83806	3.91452	-1.75899	-4.88918
-2.62851	2.3628	-0.139579	-5.63993	-3.88053	3.75177	-3.92635	3.67019	-1.77212	-4.8833
-2.6262	2.2225	0.119746	-5.36218	-4.23729	3.88878	-4.01533	3.42616	-1.78686	-4.87666
-2.84612	2.1913	-0.359316	-4.96862	-4.15119	3.21968	-4.10509	3.18248	-1.8032	-4.86925
-2.90142	1.98174	-0.314312	-4.98239	-4.27467	2.88187	-4.19571	2.93919	-1.82113	-4.86104
-3.12997	1.88609	-0.773057	-4.79021	-4.32451	2.55034	-4.28727	2.69633	-1.84065	-4.85202
-3.18671	1.70371	-0.663433	-4.70501	-4.38481	2.39989	-4.37985	2.45393	-1.86173	-4.84218
-3.43369	1.58875	-1.11459	-4.57858	-4.61223	2.09192	-4.47352	2.21205	-1.88436	-4.83149
-3.539	1.43795	-1.39042	-4.31058	-4.29257	1.92854	-4.56836	1.97072	-1.90853	-4.81994
-3.80486	1.28432	-1.79671	-4.31543	-4.86829	1.53442	-4.66444	1.72998	-1.93422	-4.80751
-3.97865	1.09577	-2.21387	-4.2368	-4.98165	1.43611	-4.76186	1.48989	-1.9614	-4.79417
-4.17996	0.973261	-2.39337	-4.02054	-4.66779	1.28643	-4.86066	1.25049	-1.99007	-4.7799
-4.36426	0.823907	-2.7763	-3.85381	-4.98594	1.10894	-4.96095	1.01182	-2.02019	-4.76468
-4.55913	0.677608	-2.88787	-3.73996	-4.85498	0.825661	-5.06277	0.77393	-2.05174	-4.74848
-4.78248	0.391584	-3.47705	-4.06901	-4.84736	0.18101	-5.16621	0.536876	-2.08471	-4.73127
-4.98325	0.206108	-3.53022	-4.02504	-5.1231	0.257311	-5.27133	0.300706	-2.11906	-4.71303
-5.25284	-0.0779472	-4.07624	-4.33764	-5.99809	-0.290765	-5.3782	0.0654719	-2.15477	-4.69374
-5.43219	-0.274903	-4.03664	-4.26399	-5.29972	-0.212982	-5.4869	-0.168772	-2.1918	-4.67335
-5.73634	-0.457708	-4.90079	-4.25845	-5.64447	-0.144522	-5.59748	-0.401971	-2.23014	-4.65185
-5.96448	-0.611168	-4.8917	-4.06763	-5.85359	-0.445801	-5.71001	-0.634069	-2.26974	-4.62919
-6.3027	-0.871814	-5.98569	-4.39099	-5.30947	-0.724468	-5.82456	-0.865006	-2.31058	-4.60536
-6.47779	-1.16039	-5.73049	-4.58903	-5.87835	-1.26863	-5.94118	-1.09472	-2.35262	-4.58032
-6.82697	-1.51655	-6.67116	-5.16857	-5.68069	-1.52871	-6.05993	-1.32316	-2.39581	-4.55404
-7.01932	-1.72512	-6.43011	-5.01962	-6.27263	-1.50938	-6.18087	-1.55025	-2.44014	-4.52648
-7.4469	-2.07856	-7.78492	-5.65829	-6.11355	-1.75966	-6.30406	-1.77593	-2.48555	-4.49762
-7.58615	-2.35616	-7.31597	-5.66502	-6.34007	-2.13685	-6.42954	-2.00014	-2.532	-4.46742
-8.05436	-2.69644	-8.52493	-6.17952	-6.99344	-2.17445	-6.55738	-2.22281	-2.57946	-4.43585
-8.20766	-2.91776	-8.04383	-5.9793	-6.79288	-2.4458	-6.68761	-2.44386	-2.62788	-4.40288
-8.7043	-3.29426	-9.36273	-6.63771	-7.14408	-2.67584	-6.82029	-2.66323	-2.6772	-4.36847
-8.76636	-3.60288	-8.58601	-6.66262	-6.8003	-3.10086	-6.95546	-2.88084	-2.7274	-4.3326
-9.25192	-4.02372	-9.78486	-7.39913	-7.13937	-3.22028	-7.09316	-3.09663	-2.7784	-4.29523
-9.31895	-4.2109	-9.04238	-7.02354	-7.12118	-3.26434	-7.23344	-3.3105	-2.83017	-4.25632
-9.83381	-4.68204	-10.3101	-7.91472	-7.77186	-4.08999	-7.37632	-3.5224	-2.88265	-4.21586
-9.90698	-4.78199	-9.57235	-7.2733	-7.49009	-3.49081	-7.52184	-3.73223	-2.93579	-4.1738
-10.4324	-5.21954	-10.9233	-8.12168	-7.52393	-3.88213	-7.67004	-3.93992	-2.98953	-4.13012
-10.4604	-5.4488	-9.96812	-7.83037	-7.88049	-4.29783	-7.82094	-4.14538	-3.04381	-4.08479
-11.0003	-5.92398	-11.291	-8.74531	-8.08524	-4.57834	-7.97457	-4.34854	-3.09857	-4.03778
-11.0071	-6.14556	-10.2636	-8.38512	-8.22492	-4.79812	-8.13095	-4.5493	-3.15376	-3.98906
-11.5402	-6.62031	-11.4382	-9.20991	-8.453	-4.95621	-8.2901	-4.74759	-3.2093	-3.93862
-11.4878	-6.78984	-10.2986	-8.70227	-8.33552	-5.1059	-8.45204	-4.94331	-3.26514	-3.88641
-12.0202	-7.23569	-11.5252	-9.47229	-8.55062	-4.79248	-8.61678	-5.13637	-3.32121	-3.83242
-12.0015	-7.3585	-10.4626	-8.82353	-8.91477	-5.51752	-8.78433	-5.32669	-3.37745	-3.77663
-12.5478	-7.84626	-11.7766	-9.76092	-9.04115	-5.69364	-8.95469	-5.51417	-3.43377	-3.71901
-12.4718	-7.932	-10.5857	-9.02333	-9.03391	-5.80267	-9.12788	-5.69872	-3.49012	-3.65955
-12.9934	-8.38036	-11.7998	-9.83764	-8.86897	-5.41973	-9.30388	-5.88026	-3.54643	-3.59823
-12.9227	-8.33747	-10.6712	-8.78679	-9.30811	-5.82368	-9.4827	-6.05868	-3.60261	-3.53503
-13.4791	-8.81148	-12.0117	-9.73689	-9.80646	-6.41174	-9.66432	-6.23389	-3.6586	-3.46994
-13.3394	-8.89111	-10.6568	-9.0293	-9.62547	-6.55958	-9.84874	-6.4058	-3.71431	-3.40295
-13.9344	-9.36045	-12.1969	-10.0265	-10.6688	-6.35543	-10.0359	-6.57431	-3.76969	-3.33404
-13.8584	-9.35917	-10.9921	-9.07601	-10.2246	-6.83402	-10.2259	-6.73933	-3.82463	-3.26321
-14.4256	-9.82897	-12.4454	-10.0939	-10.2205	-6.71044	-10.4186	-6.90075	-3.87907	-3.19046
-14.3665	-9.83032	-11.247	-9.14458	-10.7616	-7.29159	-10.614	-7.05849	-3.93293	-3.11577
-14.9577	-10.2876	-12.7437	-10.1361	-10.8944	-6.83335	-10.8121	-7.21245	-3.98613	-3.03916
-14.9093	-10.248	-11.5525	-9.08888	-11.2219	-7.56979	-11.0128	-7.36252	-4.03859	-2.96062
-15.4878	-10.7031	-12.9439	-10.0587	-10.986	-7.3707	-11.2161	-7.50862	-4.09021	-2.88015
-15.3219	-10.6391	-11.4944	-9.01291	-11.0934	-7.6776	-11.422	-7.65064	-4.14093	-2.79777
-15.8994	-11.079	-12.8981	-9.96457	-11.4213	-7.46085	-11.6304	-7.78849	-4.19066	-2.71349
-15.7601	-10.9381	-11.5371	-8.73884	-11.5269	-7.8215	-11.8413	-7.92208	-4.23932	-2.6273
-16.3276	-11.3557	-12.8028	-9.587	-11.9422	-7.88317	-12.0546	-8.05131	-4.28682	-2.53924
-16.2161	-11.1832	-11.5138	-8.31917	-12.09	-8.08828	-12.2702	-8.17609	-4.33309	-2.44932
-16.824	-11.5992	-13.1208	-9.36739	-12.4462	-8.02117	-12.4881	-8.29633	-4.37802	-2.35756
-16.6945	-11.4127	-11.7629	-8.1036	-12.4231	-8.2599	-12.7082	-8.41193	-4.42156	-2.26399
-17.2715	-11.7892	-13.0478	-8.91952	-12.7461	-8.19449	-12.9304	-8.5228	-4.4636	-2.16863
-17.2191	-11.5973	-11.851	-7.66165	-13.2911	-8.64594	-13.1547	-8.62886	-4.50407	-2.07151
-17.8508	-11.9713	-13.4174	-8.60973	-13.7929	-8.47158	-13.381	-8.73002	-4.54289	-1.97267
-17.7288	-11.7347	-12.0523	-7.31039	-13.384	-8.57583	-13.6092	-8.82619	-4.57997	-1.87214
-18.3108	-12.0536	-13.3003	-8.03229	-13.6376	-8.26344	-13.8392	-8.91729	-4.61524	-1.76997
-18.1871	-11.8771	-11.9108	-6.94056	-13.9959	-8.99264	-14.0709	-9.00324	-4.64861	-1.6662
-18.8201	-12.2179	-13.5414	-7.9042	-14.4737	-8.79552	-14.3043	-9.08395	-4.68001	-1.56086
-18.6902	-12.0462	-12.1115	-6.84383	-14.4273	-9.1875	-14.5391	-9.15936	-4.70936	-1.45402
-19.2933	-12.3771	-13.4966	-7.69281	-14.5757	-9.32634	-14.7754	-9.22939	-4.73658	-1.34573
-19.2375	-12.0704	-12.2705	-6.29941	-15.062	-9.04396	-15.013	-9.29397	-4.76161	-1.23603
-19.8786	-12.3854	-13.7548	-7.16054	-15.6189	-9.69365	-15.2517	-9.35302	-4.78436	-1.125
-19.7865	-12.217	-12.3684	-6.17971	-15.6682	-9.56749	-15.4916	-9.40649	-4.80476	-1.01269
-20.4018	-12.4997	-13.6844	-6.90622	-15.9382	-9.35751	-15.7324	-9.45431	-4.82275	-0.899159
-20.2978	-12.2938	-12.2918	-5.86463	-16.0862	-9.59819	-15.9741	-9.49642	-4.83827	-0.784484
-20.9191	-12.5457	-13.6798	-6.56114	-16.6033	-8.85459	-16.2164	-9.53277	-4.85124	-0.668734
-20.8086	-12.243	-12.3044	-5.32389	-16.4229	-9.37029	-16.4594	-9.5633	-4.8616	-0.55198
-21.3883	-12.4716	-13.5917	-6.01155	-16.011	-9.33486	-16.7027	-9.58797	-4.8693	-0.434301
-21.3149	-12.1568	-12.2968	-4.78739	-17.1132	-9.43043	-16.9464	-9.60673	-4.87427	-0.315773
-21.941	-12.4139	-13.7676	-5.62785	-16.9255	-10.8571	-17.1903	-9.61954	-4.87646	-0.196479
-21.8335	-12.1516	-12.365	-4.58628	-17.5448	-9.57485	-17.4342	-9.62636	-4.87583	-0.0765024
-22.458	-12.3515	-13.719	-5.22518	-18.1371	-9.39146	-17.6781	-9.62717	-4.87232	0.0440703
-22.3446	-12.0376	-12.3225	-4.10001	-17.9724	-9.42299	-17.9216	-9.62194	-4.86588	0.165151
-22.9469	-12.2022	-13.5993	-4.67179	-18.3083	-9.18778	-18.1648	-9.61064	-4.85648	0.286648
-22.7612	-11.9873	-12.0327	-3.87618	-18.2763	-9.60997	-18.4074	-9.59325	-4.84408	0.40847
-23.351	-12.1578	-13.4287	-4.53806	-18.2443	-9.58547	-18.6493	-9.56977	-4.82864	0.530522
-23.2293	-11.8774	-12.0263	-3.56525	-18.9545	-9.51544	-18.8904	-9.54017	-4.81012	0.652707
-23.8122	-12.0161	-13.3975	-4.15783	-18.6983	-9.02886	-19.1305	-9.50447	-4.78851	0.774927
-23.6968	-11.6216	-12.0422	-2.93845	-19.2983	-9.09865	-19.3694	-9.46265	-4.76378	0.897083
-24.2744	-11.7196	-13.2168	-3.38849	-19.7037	-8.79906	-19.6069	-9.41472	-4.73591	1.01907
-24.1642	-11.3261	-11.8795	-2.24976	-19.8731	-8.96417	-19.8431	-9.36071	-4.70487	1.1408
-24.7419	-11.3703	-13.1063	-2.6318	-20.3815	-7.6755	-20.0775	-9.30061	-4.67066	1.26215
-24.5047	-11.3	-11.4333	-2.42804	-20.1607	-9.59663	-20.3102	-9.23446	-4.63328	1.38303
-25.0688	-11.4097	-12.6971	-2.96438	-20.4587	-9.7448	-20.5409	-9.16227	-4.59271	1.50334
-24.9249	-11.0568	-11.3305	-1.96607	-20.6596	-8.91527	-20.7696	-9.08409	-4.54895	1.62296
-25.4896	-11.1161	-12.5201	-2.36622	-21.5568	-8.5005	-20.9959	-8.99994	-4.50202	1.74179
-25.3098	-10.8155	-11.0798	-1.57668	-21.0195	-8.85081	-21.2198	-8.90987	-4.45191	1.85972
-25.8542	-10.8602	-12.2016	-1.95175	-21.8628	-8.64129	-21.4412	-8.81393	-4.39865	1.97666
-25.666	-10.6194	-10.7568	-1.35503	-21.5029	-8.87191	-21.6597	-8.71217	-4.34224	2.0925
-26.1493	-10.6196	-11.6203	-1.5738	-21.9514	-7.41274	-21.8754	-8.60465	-4.2827	2.20712
-25.9827	-10.3115	-10.2878	-0.830741	-21.9793	-8.57089	-22.0881	-8.49143	-4.22007	2.32043
-26.4747	-10.3059	-11.4098	-1.1503	-22.1914	-7.70392	-22.2975	-8.37258	-4.15437	2.43232
-26.3496	-9.97997	-10.1777	-0.390234	-22.5838	-8.35296	-22.5035	-8.24817	-4.08564	2.5427
-26.8146	-9.97028	-11.116	-0.691053	-22.3177	-8.57758	-22.7061	-8.11829	-4.01391	2.65145
-26.7204	-9.47705	-10.0059	0.462382	-22.9861	-7.6724	-22.9049	-7.98301	-3.93923	2.75848
-27.1739	-9.42532	-10.7475	0.251245	-23.2693	-8.32031	-23.1	-7.84243	-3.86163	2.8637
-27.0574	-9.03426	-9.59653	1.0369	-23.4777	-7.56583	-23.2911	-7.69663	-3.78118	2.967
-27.5141	-8.94114	-10.6182	0.812933	-23.473	-7.02103	-23.4781	-7.54572	-3.69792	3.06828
-27.3245	-8.63635	-9.32081	1.29842	-23.5408	-7.36069	-23.6609	-7.3898	-3.61191	3.16746
-27.7626	-8.52876	-10.2179	1.12943	-24.0505	-6.56968	-23.8393	-7.22897	-3.52321	3.26445
-27.5675	-8.30194	-8.93237	1.38503	-23.9384	-7.26171	-24.0132	-7.06336	-3.43189	3.35916
-27.9684	-8.18225	-9.66863	1.2805	-24.3577	-5.94086	-24.1825	-6.89307	-3.33801	3.45149
-27.807	-7.73916	-8.53493	2.09809	-24.2574	-6.4352	-24.347	-6.71823	-3.24166	3.54138
-28.1894	-7.61546	-9.14168	1.96357	-24.788	-7.18367	-24.5066	-6.53896	-3.14289	3.62873
-27.9416	-7.36117	-7.86052	2.19823	-24.3008	-6.43799	-24.6612	-6.35538	-3.0418	3.71347
-28.2728	-7.21652	-8.43908	2.11026	-24.6108	-6.00878	-24.8107	-6.16764	-2.93846	3.79553
-28.1407	-6.84774	-7.45388	2.6662	-25.146	-5.91902	-24.955	-5.97587	-2.83295	3.87484
-28.4508	-6.67054	-8.01197	2.62233	-24.8975	-5.02285	-25.094	-5.7802	-2.72537	3.95132
-28.2652	-6.3819	-6.95336	2.90332	-25.1941	-5.64372	-25.2276	-5.58079	-2.61581	4.02492
-28.5825	-6.2128	-7.60416	2.81851	-25.5328	-5.4399	-25.3556	-5.37777	-2.50435	4.09557
-28.4289	-5.85627	-6.64931	3.2702	-25.5713	-5.10241	-25.4779	-5.1713	-2.39109	4.16322
-28.7147	-5.69501	-7.28153	3.1247	-25.0178	-6.55904	-25.5946	-4.96152	-2.27613	4.22781
-28.5333	-5.43788	-6.29359	3.2817	-25.6952	-4.89995	-25.7055	-4.7486	-2.15956	4.2893
-28.8039	-5.24759	-6.82076	3.24199	-25.8162	-4.40681	-25.8105	-4.53268	-2.04149	4.34764
-28.6414	-4.89122	-5.91838	3.65811	-25.9516	-4.26659	-25.9096	-4.31392	-1.92202	4.40279
-28.8915	-4.69536	-6.12635	3.64197	-26.8953	-4.43966	-26.0027	-4.0925	-1.80125	4.45471
-28.7152	-4.29327	-5.26316	4.13742	-26.1198	-3.67723	-26.0897	-3.86856	-1.67928	4.50337
-28.9045	-4.07317	-5.34033	4.13466	-26.5652	-3.85723	-26.1706	-3.64227	-1.55623	4.54875
-28.6664	-3.7207	-4.43043	4.44004	-25.9974	-3.24722	-26.2453	-3.41381	-1.4322	4.59081
-28.7981	-3.48135	-4.42985	4.45657	-26.2976	-3.01078	-26.3138	-3.18332	-1.30729	4.62954
-28.5627	-3.18385	-3.60454	4.58957	-26.1741	-2.87885	-26.376	-2.95098	-1.18162	4.66493
-28.6715	-2.9552	-3.64843	4.56306	-26.4681	-3.44967	-26.4319	-2.71697	-1.05529	4.69696
-28.4979	-2.78096	-3.00367	4.37516	-26.674	-2.73852	-26.4815	-2.48143	-0.928411	4.72562
-28.5883	-2.5409	-3.08887	4.41087	-26.657	-1.72382	-26.5247	-2.24456	-0.80109	4.75091
-28.4085	-2.29977	-2.4848	4.42546	-26.6691	-2.17333	-26.5616	-2.0065	-0.673434	4.77284
-28.461	-2.05845	-2.52972	4.46133	-26.3248	-1.32261	-26.5921	-1.76744	-0.545553	4.79141
-28.2485	-1.74423	-1.91698	4.66573	-26.4671	-1.53207	-26.6161	-1.52753	-0.417552	4.80664
-28.2529	-1.52135	-1.66561	4.63188	-26.4998	-2.19526	-26.6338	-1.28695	-0.289538	4.81852
-28.0572	-1.24849	-1.16124	4.71499	-26.5998	-1.14277	-26.6451	-1.04586	-0.161616	4.8271
-28.0678	-1.02406	-1.0161	4.68173	-27.2008	-1.67679	-26.65	-0.804425	-0.0338883	4.83238
-27.8968	-0.71977	-0.613259	4.85018	-26.7355	-0.59539	-26.6485	-0.562811	0.0935412	4.83439
-27.8535	-0.472856	-0.25304	4.85732	-26.9891	0.0351487	-26.6406	-0.321181	0.220572	4.83317
-27.6394	-0.114879	0.162535	5.14802	-26.4553	0.0602653	-26.6264	-0.0796947	0.347104	4.82874
-27.5629	0.134776	0.552959	5.11775	-26.9537	0.136943	-26.6059	0.161489	0.473041	4.82116
-27.3872	0.468734	0.826378	5.31807	-26.6201	0.57588	-26.5792	0.402213	0.598287	4.81045
-27.2965	0.722122	1.09744	5.27463	-26.8241	0.381506	-26.5462	0.642323	0.722748	4.79667
-27.1583	1.02069	1.2515	5.36472	-26.7293	1.06082	-26.5069	0.881666	0.846334	4.77986
-27.0327	1.3079	1.4817	5.40757	-25.9562	2.60409	-26.4616	1.12009	0.968955	4.76007
-26.8702	1.52342	1.63476	5.26121	-26.3986	1.42212	-26.4101	1.35745	1.09053	4.73737
-26.7433	1.7348	1.94329	5.10232	-26.5072	-0.563928	-26.3526	1.59361	1.21096	4.71181
-26.6033	1.9164	2.0105	4.90771	-26.3594	1.79315	-26.2891	1.82841	1.33018	4.68345
-26.4409	2.14187	2.50117	4.81747	-26.3475	1.82827	-26.2197	2.06173	1.44811	4.65235
-26.3098	2.3049	2.50059	4.61148	-26.2502	2.18481	-26.1444	2.29342	1.56467	4.61859
-26.137	2.51958	2.88076	4.53652	-26.069	2.27896	-26.0633	2.52336	1.67979	4.58223
-26.0029	2.76871	2.86607	4.59534	-26.0641	2.80701	-25.9765	2.75141	1.79339	4.54334
-25.7961	2.97532	3.56713	4.45764	-26.3234	3.02388	-25.8841	2.97746	1.90543	4.502
-25.6465	3.27992	3.52883	4.67265	-25.8345	3.42005	-25.7861	3.20139	2.01582	4.45828
-25.4284	3.49506	4.11984	4.54499	-26.1824	3.73376	-25.6826	3.42306	2.12452	4.41227
-25.2995	3.67168	3.96953	4.40755	-25.6666	3.63509	-25.5737	3.64239	2.23146	4.36404
-25.0378	3.85046	4.6544	4.20167	-25.5773	3.13316	-25.4596	3.85924	2.3366	4.31367
-24.9661	3.99852	4.34741	4.0279	-25.7492	3.99968	-25.3402	4.07353	2.43989	4.26125
-24.6883	4.16404	5.05192	3.82572	-25.3516	3.75691	-25.2157	4.28514	2.54127	4.20686
-24.5273	4.39774	4.89358	3.93048	-25.0214	4.52803	-25.0863	4.49399	2.64071	4.15058
-24.2029	4.55851	5.58878	3.72829	-24.2719	4.30917	-24.9518	4.69998	2.73817	4.09251
-24.1069	4.7468	5.25244	3.71696	-25.0363	4.88499	-24.8126	4.90303	2.83361	4.03273
-23.7707	4.89741	6.06396	3.47877	-24.3609	4.95947	-24.6686	5.10304	2.92701	3.97132
-23.6319	5.12793	5.7752	3.61037	-24.5041	5.35293	-24.5201	5.29995	3.01833	3.90839
-23.2676	5.25904	6.77912	3.27444	-24.4379	5.24592	-24.367	5.49367	3.10754	3.84401
-23.1255	5.43017	6.41718	3.27085	-24.1159	5.61152	-24.2095	5.68414	3.19464	3.77827
-22.7475	5.52536	7.43379	2.85438	-24.5638	4.75836	-24.0477	5.8713	3.27959	3.71127
-22.6314	5.68321	6.96359	2.86079	-23.9153	5.94377	-23.8818	6.05508	3.36239	3.64309
-22.2495	5.80563	7.6746	2.63005	-23.5491	6.44495	-23.7117	6.23542	3.44302	3.57383
-22.1619	5.96122	7.13031	2.65144	-23.6471	6.29102	-23.5377	6.41227	3.52148	3.50357
-21.7814	6.06177	7.95254	2.3383	-23.7544	6.53746	-23.3598	6.58559	3.59775	3.4324
-21.6328	6.33167	7.53345	2.69836	-23.0099	6.86182	-23.1781	6.75533	3.67185	3.36041
-21.2021	6.39267	8.46051	2.23977	-22.7862	5.74143	-22.9928	6.92146	3.74376	3.28768
-21.0925	6.58148	7.89588	2.38645	-22.6991	7.063	-22.804	7.08393	3.8135	3.21431
-20.6345	6.63562	8.99198	1.88678	-22.418	6.76159	-22.6117	7.24273	3.88106	3.14038
-20.5748	6.7784	8.27124	1.94204	-22.5083	7.31524	-22.4161	7.39782	3.94647	3.06598
-20.0857	6.82195	9.57241	1.396	-22.0543	7.85452	-22.2173	7.54917	4.00974	2.99118
-20.0345	6.9916	8.79608	1.57262	-22.1947	7.69478	-22.0154	7.69679	4.07087	2.91607
-19.5712	7.06415	9.72671	1.22583	-21.6178	9.0351	-21.8105	7.84064	4.12989	2.84074
-19.5112	7.22107	8.94845	1.38696	-21.6473	7.94	-21.6026	7.98072	4.18681	2.76526
-19.0539	7.23732	9.91218	0.864865	-21.8637	7.78661	-21.392	8.11703	4.24166	2.68971
-19.0046	7.27263	9.05358	0.751541	-21.0853	7.83229	-21.1787	8.24957	4.29447	2.61417
-18.5343	7.31134	9.91709	0.419453	-20.5503	9.28616	-20.9628	8.37833	4.34526	2.53871
-18.5319	7.50249	9.03335	0.748344	-21.0519	8.50983	-20.7444	8.50333	4.39406	2.46341
-18.0205	7.50935	10.2366	0.206605	-19.9265	9.40847	-20.5237	8.62457	4.4409	2.38835
-17.946	7.70279	9.46306	0.574102	-20.21	8.68914	-20.3006	8.74206	4.48582	2.31358
-17.4773	7.69596	10.3188	0.0765309	-20.2277	8.8532	-20.0753	8.85583	4.52884	2.23919
-17.4861	7.83363	9.35081	0.290287	-20.0633	8.86724	-19.848	8.96589	4.57001	2.16524
-17.0295	7.80843	10.1804	-0.229651	-19.9264	8.78179	-19.6186	9.07227	4.60937	2.09179
-17.024	7.93218	9.25033	-0.0134156	-19.4861	8.96665	-19.3873	9.17499	4.64694	2.01891
-16.5198	7.91749	10.3594	-0.549948	-18.5719	10.2069	-19.1542	9.27409	4.68278	1.94666
-16.4386	8.08825	9.58418	-0.16295	-18.6786	9.19191	-18.9193	9.36959	4.71692	1.8751
-15.9669	8.01489	10.5839	-0.879526	-19.2825	8.98189	-18.6827	9.46154	4.7494	1.80429
-15.9281	8.19427	9.70934	-0.451383	-18.4242	9.46852	-18.4446	9.54996	4.78028	1.73429
-15.4022	8.07	10.9576	-1.36259	-18.1634	8.72444	-18.2049	9.63492	4.80959	1.66514
-15.3156	8.29503	10.1687	-0.759857	-17.7736	9.72478	-17.9639	9.71643	4.83737	1.59691
-14.7921	8.21771	11.1446	-1.41272	-17.2296	9.97767	-17.7214	9.79457	4.86368	1.52964
-14.7452	8.40966	10.2384	-0.908225	-17.3436	9.88109	-17.4777	9.86936	4.88856	1.46338
-14.2275	8.31231	11.2984	-1.69251	-17.1554	10.212	-17.2328	9.94087	4.91205	1.39818
-14.1907	8.52213	10.3657	-1.12346	-16.8876	10.145	-16.9868	10.0091	4.93421	1.33408
-13.6718	8.40346	11.3796	-1.95156	-16.5958	10.1078	-16.7396	10.0743	4.95507	1.27113
-13.677	8.59071	10.3411	-1.42834	-16.5153	10.3091	-16.4915	10.1362	4.97469	1.20937
-13.1602	8.46982	11.3644	-2.257	-16.09	10.5824	-16.2424	10.1952	4.99311	1.14883
-13.1979	8.56953	10.2168	-1.92545	-16.006	10.1843	-15.9924	10.2511	5.01039	1.08956
-12.6997	8.42903	11.1417	-2.71208	-15.7234	10.41	-15.7416	10.3041	5.02655	1.03159
-12.7549	8.51444	9.98155	-2.36558	-15.5699	10.1904	-15.4899	10.3543	5.04166	0.974957
-12.1945	8.35491	11.2632	-3.27474	-14.2385	10.9109	-15.2376	10.4016	5.05576	0.919692
-12.1808	8.53483	10.2956	-2.61448	-14.9365	10.4722	-14.9846	10.4462	5.06889	0.865828
-11.7	8.33327	11.0447	-3.43749	-14.724	9.63507	-14.7309	10.4882	5.0811	0.813394
-11.7212	8.43007	9.97912	-2.9741	-14.4088	10.222	-14.4766	10.5276	5.09243	0.762418
-11.2158	8.23973	10.974	-3.83257	-13.9005	10.5238	-14.2218	10.5645	5.10293	0.712926
-11.1284	8.56875	10.2765	-2.73367	-13.8049	10.9383	-13.9665	10.5989	5.11263	0.664944
-10.6447	8.40167	11.017	-3.49499	-13.3956	10.7857	-13.7107	10.631	5.12159	0.618496
-10.6639	8.54772	9.96577	-2.92407	-13.3556	10.5517	-13.4545	10.6608	5.12983	0.573603
-10.1805	8.35589	10.8423	-3.83726	-12.9374	10.8137	-13.1979	10.6884	5.13741	0.530288
-10.1824	8.6115	9.90943	-2.96905	-12.9591	11.0099	-12.9409	10.7138	5.14436	0.48857
-9.70685	8.4442	10.6822	-3.77271	-12.2518	11.2495	-12.6836	10.7373	5.15071	0.448467
-9.75683	8.56036	9.56796	-3.26014	-12.3713	10.6091	-12.426	10.7587	5.15651	0.409997
-9.30767	8.37147	10.2721	-4.06721	-11.9352	10.9161	-12.1681	10.7783	5.16179	0.373177
-9.32307	8.60989	9.35319	-3.22408	-11.9451	11.0515	-11.91	10.7961	5.16658	0.338022
-8.86083	8.41749	10.1101	-4.07928	-10.9703	10.9676	-11.6516	10.8121	5.17092	0.304546
-8.90436	8.60371	9.106	-3.36951	-11.4548	10.9407	-11.393	10.8265	5.17484	0.272761
-8.47522	8.32294	10.0143	-4.71016	-11.3472	10.5111	-11.1342	10.8394	5.17836	0.242681
-8.42364	8.48057	9.22898	-3.9668	-10.6009	10.6823	-10.8753	10.8509	5.18153	0.214317
-7.99987	8.23214	9.92309	-4.96845	-10.6563	10.8369	-10.6161	10.8609	5.18435	0.187679
-8.01521	8.41092	9.00816	-4.17489	-10.4142	10.8747	-10.3569	10.8697	5.18687	0.162776
-7.60463	8.21971	9.50828	-4.8016	-9.90413	11.2255	-10.0976	10.8772	5.1891	0.139618
-7.57336	8.47486	8.78182	-3.83862	-9.83445	11.1032	-9.83809	10.8837	5.19106	0.118212
-7.22968	8.20981	9.17813	-4.84165	-10.195	10.3498	-9.57852	10.8891	5.19278	0.0985664
-7.19204	8.45079	8.48368	-3.91026	-9.3066	11.0348	-9.31887	10.8936	5.19428	0.0806865
-6.83521	8.19707	8.89672	-4.83622	-9.2226	10.3527	-9.05915	10.8972	5.19557	0.0645787
-6.78564	8.44957	8.26013	-3.88055	-8.78899	11.0707	-8.79937	10.9001	5.19667	0.050248
-6.45674	8.17429	8.59282	-4.88036	-8.83914	10.0319	-8.53953	10.9023	5.19759	0.0376992
-6.53762	8.3037	7.59147	-4.2323	-8.62045	10.6577	-8.27965	10.9039	5.19835	0.0269359
-6.17194	8.10567	8.10891	-4.9425	-7.91543	11.1157	-8.01974	10.905	5.19896	0.0179617
-5.99697	8.39898	7.88565	-3.84383	-7.51971	11.0005	-7.75979	10.9057	5.19942	0.0107791
-5.6473	8.18742	8.21397	-4.59388	-7.25987	10.6458	-7.49981	10.9061	5.19975	0.00539029
-5.56548	8.40502	7.67602	-3.74241	-7.15631	10.815	-7.23983	10.9063	5.19994	0.00179692
-5.27259	8.225	7.81021	-4.35496	-7.39396	11.0181	-6.97983	10.9064	5.2	-7.84874e-15
